2 -0.0650821 0.203248 -0.0788271 -0.0538241 0.203972 -0.0824667
2 -0.0605825 0.11397 0.00665108 -0.061168 0.106348 0.0162572
2 -0.0498642 0.0551146 0.0599081 -0.0272059 0.0748939 0.0373751
2 -0.079942 -0.0140674 0.174546 -0.0795474 -0.0101105 0.169892
2 -0.0720137 0.00993378 0.145846 -0.0743847 0.00467167 0.152635
2 -0.0532883 0.0251295 0.122058 -0.0665398 0.0155649 0.138075
2 -0.100971 0.0137784 0.062786 -0.118937 -0.00501688 0.0559393
2 0.0283478 -0.00822787 0.100787 0.0226742 -0.00233601 0.0969407
2 0.0199996 0.000129729 0.0957532 0.0104849 0.00951896 0.0743443
2 -0.0777093 -0.0382682 0.193983 -0.078356 -0.0417897 0.195699
2 -0.0777093 -0.0382682 0.193983 -0.0746509 -0.0278341 0.191507
2 -0.0791254 -0.044793 0.197087 -0.078356 -0.0417897 0.195699
2 -0.0792948 -0.0283532 -0.000183394 -0.0789558 -0.0344091 -0.00636186
2 -0.145695 -0.0268701 0.0450273 -0.132188 -0.0202993 0.0473832
2 0.0505416 -0.0191469 0.055573 0.0606647 -0.0275001 0.0558891
2 0.254737 0.0847824 0.239149 0.245531 0.0891244 0.243412
2 0.271278 -0.0586681 0.193596 0.266265 -0.064727 0.19189
2 0.241834 -0.0832204 0.183646 0.237408 -0.0846458 0.181046
2 0.182597 -0.10422 0.153523 0.176049 -0.104764 0.151046
2 0.41405 -0.219454 0.0832477 0.416235 -0.214104 0.0770019
2 0.402582 -0.147274 -0.00708703 0.400621 -0.143917 -0.0105631
2 -0.018895 0.00673218 0.144411 -0.0282082 0.0141961 0.135647
2 -0.0787827 -0.0702882 -0.0404032 -0.078364 -0.0799809 -0.0481129
2 -0.189231 -0.0484009 0.131477 -0.197909 -0.0557952 0.135895
2 -0.0905395 -0.0705728 0.211599 -0.0986858 -0.0851992 0.223226
2 -0.0165736 -0.0902168 -0.277341 -0.0155147 -0.0884614 -0.281675
2 -0.0132267 -0.0850676 -0.288791 -0.0155147 -0.0884614 -0.281675
2 0.0483619 -0.0297242 -0.429544 0.0446956 -0.0317142 -0.424994
2 0.0636535 -0.0229405 -0.450188 0.0602919 -0.02441 -0.447747
2 0.119825 -0.000547857 -0.487334 0.13009 0.00477606 -0.489775
2 -0.148751 -0.184481 -0.261958 -0.146184 -0.186987 -0.256448
2 -0.149818 -0.183256 -0.264151 -0.148751 -0.184481 -0.261958
2 -0.186718 -0.10946 -0.312193 -0.184924 -0.113661 -0.311193
2 -0.215044 -0.123271 -0.0150162 -0.211271 -0.119184 -0.0125218
2 -0.272985 -0.115638 -0.0546765 -0.277432 -0.112914 -0.0584051
2 -0.317459 -0.0862152 -0.0882067 -0.308469 -0.0927179 -0.0831334
2 -0.4011 0.00847428 -0.120768 -0.403074 0.0161583 -0.121342
2 -0.396468 -0.0023821 -0.120117 -0.4011 0.00847428 -0.120768
2 -0.406273 0.104013 -0.103813 -0.405929 0.0861879 -0.111022
2 -0.41949 0.170757 -0.0533097 -0.416427 0.163166 -0.0636371
2 -0.415285 0.219536 0.0132241 -0.412265 0.223623 0.0208998
2 0.0741453 -0.119911 0.35669 0.0757139 -0.118843 0.360752
2 -0.044204 0.0974324 0.450624 -0.0436744 0.0909417 0.455274
2 -0.0535901 0.162288 0.434244 -0.0559871 0.168763 0.435838
2 -0.0586124 0.1863 0.446351 -0.0589769 0.188669 0.450761
2 -0.0586124 0.1863 0.446351 -0.0575783 0.182611 0.442208
2 -0.13316 -0.132793 0.269471 -0.131013 -0.129346 0.265716
2 -0.13316 -0.132793 0.269471 -0.134952 -0.136187 0.273393
2 -0.22635 -0.22653 0.316543 -0.233817 -0.226519 0.318489
2 -0.22635 -0.22653 0.316543 -0.215188 -0.22416 0.315771
2 -0.307514 -0.217518 0.284356 -0.303579 -0.218276 0.289765
2 -0.321046 -0.213051 0.245948 -0.32376 -0.211127 0.234067
2 -0.327901 -0.135569 0.21065 -0.332316 -0.136051 0.213793
2 -0.195966 -0.0572303 0.458349 -0.202083 -0.0605174 0.462312
2 -0.172017 -0.0487063 0.437431 -0.178088 -0.0512671 0.442093
2 0.135454 -0.155235 0.00485326 0.13324 -0.150497 0.00800354
2 -0.0712516 0.223056 -0.0623721 -0.0669869 0.215697 -0.0648875
2 -0.0609724 0.125696 -0.00829453 -0.0611954 0.118722 -0.000271919
2 -0.0650821 0.203248 -0.0788271 -0.0580791 0.215004 -0.082897
2 -0.061168 0.106348 0.0162572 -0.06177 0.101509 0.0219727
2 -0.0605825 0.11397 0.00665108 -0.0611954 0.118722 -0.000271919
2 -0.0498642 0.0551146 0.0599081 -0.081749 0.0306205 0.0649703
2 -0.0569427 0.00845391 0.039744 -0.0301084 0.00369986 0.030193
2 -0.106759 0.0154638 0.0859159 -0.100971 0.0137784 0.062786
2 -0.112393 0.0108128 0.0904854 -0.106759 0.0154638 0.0859159
2 -0.00255638 0.0189774 0.0806243 -0.00869719 0.023244 0.0835884
2 0.224134 0.061443 -0.485458 0.217676 0.0573951 -0.486538
2 -0.266755 0.106539 -0.390759 -0.266666 0.10126 -0.387131
2 -0.151032 -0.0430561 0.421591 -0.15472 -0.0436843 0.424534
2 0.0826167 0.151551 0.365566 0.0882602 0.149974 0.365405
2 0.328393 -0.309271 0.174897 0.330736 -0.304825 0.175093
2 -0.0746509 -0.0278341 0.191507 -0.0776038 -0.0215023 0.18392
2 -0.0746509 -0.0278341 0.191507 -0.0701304 -0.0196724 0.192919
2 -0.122133 -0.00962946 0.0515868 -0.118937 -0.00501688 0.0559393
2 -0.0569427 0.00845391 0.039744 -0.0524448 0.020788 0.0500142
2 -0.0790023 -0.0107257 0.019377 -0.072102 -0.00252656 0.031065
2 -0.0806058 -0.0186851 0.00963172 -0.0845923 -0.0134096 0.0126193
2 0.0104849 0.00951896 0.0743443 0.022984 0.000876968 0.0666185
2 0.0445637 -0.0142882 0.0574459 0.0505416 -0.0191469 0.055573
2 0.0426659 -0.0253761 0.108894 0.0483639 -0.0297376 0.110025
2 -0.153956 -0.0221343 0.114797 -0.145223 -0.0150017 0.113023
2 -0.164734 -0.0310294 0.11973 -0.153956 -0.0221343 0.114797
2 -0.00555681 -0.0123947 0.168 -0.00373639 -0.0181112 0.176137
2 0.00434747 -0.0368968 0.194498 0.00389396 -0.0354091 0.192871
2 -0.0223332 -0.0481817 -0.0446239 -0.0226193 -0.0462924 -0.0408085
2 -0.0782736 -0.04084 -0.0126032 -0.0783243 -0.0492286 -0.0209232
2 -0.132188 -0.0202993 0.0473832 -0.128271 -0.0161496 0.0490213
2 0.0673744 -0.0347778 0.05418 0.07054 -0.0409567 0.05066
2 0.07054 -0.0409567 0.05066 0.0747013 -0.0481758 0.049332
2 0.0882602 0.149974 0.365405 0.0935212 0.148519 0.365462
2 0.12006 0.141668 0.364596 0.129705 0.138691 0.364207
2 0.1384 0.136652 0.364715 0.129705 0.138691 0.364207
2 0.1384 0.136652 0.364715 0.146753 0.134574 0.362925
2 0.16027 0.128928 0.349846 0.158314 0.129905 0.353347
2 0.16027 0.128928 0.349846 0.162658 0.126274 0.343526
2 0.162658 0.126274 0.343526 0.165563 0.123974 0.335721
2 0.176153 0.116133 0.308295 0.173424 0.118089 0.314695
2 0.176153 0.116133 0.308295 0.179372 0.114692 0.302196
2 0.235965 0.0927748 0.247476 0.229881 0.0949675 0.250595
2 0.2644 0.0771469 0.234447 0.260231 0.0805484 0.236303
2 0.285581 0.0275234 0.218732 0.284044 0.0340804 0.219709
2 0.256082 -0.0737444 0.188492 0.25103 -0.0782681 0.187479
2 0.203578 -0.0999776 0.164879 0.211153 -0.0979745 0.169813
2 0.332078 -0.301221 0.174958 0.330736 -0.304825 0.175093
2 0.343462 -0.284944 0.170711 0.337237 -0.293458 0.174468
2 0.332078 -0.301221 0.174958 0.337237 -0.293458 0.174468
2 0.357536 -0.267783 0.155403 0.351288 -0.27436 0.162778
2 0.398502 -0.232835 0.102562 0.405831 -0.226133 0.0930516
2 0.398502 -0.232835 0.102562 0.394142 -0.236678 0.10724
2 0.419916 -0.202268 0.0589037 0.418999 -0.207905 0.0666722
2 0.417649 -0.185253 0.0345886 0.416288 -0.179704 0.0278805
2 0.0322621 -0.0124468 0.102433 0.0283478 -0.00822787 0.100787
2 0.124423 -0.137257 0.0173858 0.126934 -0.142125 0.014307
2 0.155433 -0.0993097 0.144053 0.146121 -0.0950737 0.140698
2 0.0912183 -0.064443 0.12609 0.104417 -0.0743213 0.131187
2 0.0198308 -0.0795005 0.231707 0.0236546 -0.0890603 0.240564
2 -0.0221443 -0.0514781 -0.0508787 -0.0223332 -0.0481817 -0.0446239
2 -0.022013 -0.0545856 -0.0567985 -0.0220208 -0.0532924 -0.0543817
2 -0.0755671 -0.130421 -0.0751934 -0.0756946 -0.137268 -0.0794418
2 -0.0755671 -0.130421 -0.0751934 -0.0771192 -0.118909 -0.070249
2 -0.204968 -0.060422 0.139838 -0.197909 -0.0557952 0.135895
2 -0.111725 -0.104726 0.241999 -0.104664 -0.0944441 0.231524
2 -0.0238162 -0.0843291 -0.120508 -0.0246101 -0.0818065 -0.110971
2 -0.0243653 -0.0962952 -0.155271 -0.0244011 -0.0934893 -0.145325
2 0.0213248 -0.046801 -0.378213 0.0173283 -0.0497517 -0.370194
2 0.00761454 -0.0568803 -0.355724 0.0119838 -0.0535811 -0.362143
2 -0.000482734 -0.0657623 -0.33114 0.00152402 -0.0629578 -0.339833
2 0.0279166 -0.0420431 -0.393954 0.029602 -0.0409045 -0.398074
2 0.0279166 -0.0420431 -0.393954 0.0250837 -0.0440225 -0.387733
2 0.0413573 -0.0335663 -0.418124 0.037027 -0.0362335 -0.410932
2 0.0332949 -0.0385726 -0.405311 0.029602 -0.0409045 -0.398074
2 0.0828723 -0.0155383 -0.466847 0.0745458 -0.018631 -0.459114
2 0.0828723 -0.0155383 -0.466847 0.0876069 -0.0138523 -0.470797
2 0.119825 -0.000547857 -0.487334 0.110107 -0.00511522 -0.483443
2 0.13009 0.00477606 -0.489775 0.136965 0.00848009 -0.491413
2 0.185535 0.0377522 -0.491135 0.190199 0.040461 -0.490678
2 -0.0764935 -0.174749 -0.105863 -0.0759615 -0.164859 -0.0988129
2 -0.0751911 -0.150751 -0.0871714 -0.0755078 -0.144316 -0.0835297
2 -0.0749824 -0.156745 -0.0906922 -0.0751911 -0.150751 -0.0871714
2 -0.0793522 -0.179831 -0.115395 -0.0764935 -0.174749 -0.105863
2 -0.0878102 -0.186247 -0.136472 -0.0851382 -0.183893 -0.130483
2 -0.0878102 -0.186247 -0.136472 -0.0912018 -0.186618 -0.142647
2 -0.129359 -0.195575 -0.218792 -0.131532 -0.194924 -0.223399
2 -0.149818 -0.183256 -0.264151 -0.152431 -0.179364 -0.271497
2 -0.16221 -0.164632 -0.286943 -0.157482 -0.17157 -0.281257
2 -0.155616 -0.174185 -0.278818 -0.152431 -0.179364 -0.271497
2 -0.179791 -0.1247 -0.30863 -0.178224 -0.128478 -0.307417
2 -0.168658 -0.153539 -0.2939 -0.165525 -0.158664 -0.29125
2 -0.176497 -0.132329 -0.306201 -0.17386 -0.139308 -0.302942
2 -0.261313 0.064906 -0.360938 -0.257893 0.0542674 -0.352925
2 -0.266234 0.0956188 -0.383467 -0.266666 0.10126 -0.387131
2 -0.266234 0.0956188 -0.383467 -0.2656 0.0879642 -0.378139
2 -0.221926 -0.126879 -0.0175175 -0.232922 -0.133011 -0.0251522
2 -0.226877 -0.144526 -0.0301427 -0.224228 -0.150247 -0.0311786
2 -0.298319 -0.0996364 -0.0742857 -0.294458 -0.102157 -0.0714656
2 -0.357617 -0.0533548 -0.100268 -0.3626 -0.0485676 -0.102618
2 -0.371325 -0.0398691 -0.106583 -0.3626 -0.0485676 -0.102618
2 -0.396468 -0.0023821 -0.120117 -0.390737 -0.0129043 -0.11794
2 -0.406608 0.0376126 -0.121293 -0.405454 0.0293554 -0.122043
2 -0.406273 0.104013 -0.103813 -0.40641 0.107647 -0.102278
2 -0.405823 0.0753093 -0.115376 -0.405732 0.0804814 -0.11354
2 -0.412737 0.144061 -0.079228 -0.412282 0.136767 -0.0830749
2 -0.421668 0.187877 -0.0348941 -0.421757 0.195688 -0.0249446
2 -0.420738 0.177954 -0.0458009 -0.421408 0.181281 -0.0416667
2 -0.41836 0.214231 0.00270714 -0.419444 0.210939 -0.00423929
2 -0.421227 0.202708 -0.0146825 -0.421559 0.200013 -0.01873
2 -0.421009 0.205239 -0.0104503 -0.419444 0.210939 -0.00423929
2 -0.421227 0.202708 -0.0146825 -0.421009 0.205239 -0.0104503
2 -0.403045 0.234229 0.0424776 -0.405057 0.231978 0.0388075
2 -0.408327 0.228828 0.0310464 -0.405057 0.231978 0.0388075
2 0.0821439 -0.11187 0.377837 0.0850334 -0.106031 0.38436
2 0.0692932 -0.121658 0.34446 0.0657275 -0.12353 0.336048
2 0.089413 -0.0923462 0.400788 0.0885937 -0.0969869 0.396203
2 0.0885937 -0.0969869 0.396203 0.0871199 -0.101736 0.388992
2 0.0879114 -0.0579344 0.436258 0.0857372 -0.0523918 0.440212
2 0.0879114 -0.0579344 0.436258 0.0897503 -0.0647666 0.428478
2 0.0857372 -0.0523918 0.440212 0.0847163 -0.0505962 0.443077
2 0.0619902 -0.0129957 0.477976 0.0666014 -0.0201687 0.472262
2 0.0493398 0.00593492 0.488793 0.0468585 0.00901612 0.489968
2 0.0346251 0.0230968 0.491396 0.0376921 0.0191967 0.490945
2 0.0191394 0.0375328 0.489174 0.0125066 0.0437857 0.487938
2 0.00402512 0.0505374 0.486771 -0.00352369 0.0579257 0.481755
2 0.0125066 0.0437857 0.487938 0.00402512 0.0505374 0.486771
2 -0.0240977 0.0733685 0.469303 -0.0173076 0.0681437 0.474354
2 -0.0240977 0.0733685 0.469303 -0.0290167 0.0761971 0.466103
2 -0.0327924 0.0788146 0.462368 -0.0290167 0.0761971 0.466103
2 -0.0394479 0.0861198 0.456631 -0.0370011 0.0824808 0.460206
2 -0.0505478 0.123235 0.437436 -0.0502772 0.130437 0.43482
2 -0.0524666 0.1451 0.43298 -0.0516816 0.138549 0.433269
2 -0.0535901 0.162288 0.434244 -0.0529745 0.153264 0.433095
2 -0.0586867 0.189363 0.453511 -0.05924 0.190554 0.461135
2 -0.0605258 0.19056 0.465945 -0.0608368 0.190221 0.469817
2 -0.134952 -0.136187 0.273393 -0.13668 -0.139841 0.276477
2 -0.148228 -0.163274 0.291285 -0.151651 -0.169246 0.294275
2 -0.168797 -0.193648 0.30363 -0.163633 -0.187721 0.301034
2 -0.250396 -0.225834 0.319725 -0.257671 -0.22512 0.318372
2 -0.282978 -0.221349 0.309236 -0.290353 -0.220242 0.304305
2 -0.32189 -0.20447 0.180951 -0.320269 -0.203288 0.172236
2 -0.303292 -0.197045 0.126515 -0.298727 -0.195742 0.118484
2 -0.274927 -0.191047 0.0890857 -0.280218 -0.191906 0.0942089
2 -0.233647 -0.185922 0.0735242 -0.244108 -0.188055 0.0756803
2 -0.261337 -0.189057 0.079689 -0.253946 -0.188659 0.0777746
2 -0.253946 -0.188659 0.0777746 -0.244108 -0.188055 0.0756803
2 -0.197237 -0.181249 0.0814924 -0.206617 -0.182403 0.0779836
2 -0.223122 -0.184477 0.0733011 -0.226653 -0.184878 0.0730122
2 -0.216467 -0.184244 0.0753427 -0.206617 -0.182403 0.0779836
2 -0.172288 -0.178024 0.0999212 -0.178453 -0.178743 0.0951425
2 -0.172288 -0.178024 0.0999212 -0.1666 -0.177386 0.105202
2 -0.260747 -0.116534 0.172971 -0.251433 -0.10803 0.1672
2 -0.232909 -0.0869707 0.156097 -0.228775 -0.0820792 0.15363
2 -0.232909 -0.0869707 0.156097 -0.236423 -0.0914912 0.158148
2 -0.303498 -0.130481 0.19596 -0.297909 -0.128637 0.193019
2 -0.402776 -0.113798 0.37383 -0.403666 -0.114657 0.367287
2 -0.404056 -0.117744 0.34249 -0.404086 -0.117401 0.353178
2 -0.397613 -0.111467 0.395686 -0.395961 -0.110593 0.401582
2 -0.394498 -0.109733 0.406613 -0.395961 -0.110593 0.401582
2 -0.381769 -0.103656 0.437557 -0.388375 -0.106891 0.424026
2 -0.330146 -0.0781479 0.475801 -0.339919 -0.0829706 0.470888
2 -0.281169 -0.0682393 0.488699 -0.274311 -0.0681038 0.48906
2 -0.317726 -0.0737871 0.480621 -0.312864 -0.0727705 0.482026
2 -0.295669 -0.0701593 0.486284 -0.287686 -0.068891 0.488111
2 -0.274311 -0.0681038 0.48906 -0.261583 -0.0665177 0.489819
2 -0.25248 -0.0663623 0.487796 -0.243408 -0.0652718 0.486867
2 -0.209472 -0.0627312 0.467948 -0.202083 -0.0605174 0.462312
2 -0.178088 -0.0512671 0.442093 -0.183817 -0.0531008 0.447739
2 -0.15766 -0.0444185 0.426708 -0.163377 -0.0463075 0.430616
2 0.137839 -0.159949 0.0016746 0.145243 -0.164497 -0.0053175
2 0.153616 -0.164482 -0.0112232 0.145243 -0.164497 -0.0053175
2 0.25142 -0.146214 -0.0870457 0.255933 -0.144282 -0.0887887
2 0.284248 -0.135563 -0.0896761 0.279124 -0.136471 -0.0910046
2 0.266548 -0.140275 -0.0907344 0.255933 -0.144282 -0.0887887
2 0.316433 -0.127343 -0.0760685 0.329851 -0.124428 -0.0701041
2 0.349515 -0.120717 -0.0570896 0.345701 -0.121304 -0.0600963
2 0.392239 -0.130424 -0.0241468 0.395703 -0.134842 -0.0191278
2 -0.0136133 0.027168 0.084449 -0.00869719 0.023244 0.0835884
2 -0.0162687 0.0658452 0.0707506 -0.0498642 0.0551146 0.0599081
2 -0.060608 0.210064 -0.0689626 -0.0585057 0.209394 -0.0662728
2 -0.401317 0.236826 0.044787 -0.403045 0.234229 0.0424776
2 -0.079942 -0.0140674 0.174546 -0.079758 -0.0172479 0.178338
2 -0.0301084 0.00369986 0.030193 -0.0280312 3.22684e-05 0.0250056
2 0.0104849 0.00951896 0.0743443 -0.00255638 0.0189774 0.0806243
2 0.054608 -0.0353948 0.11252 0.0613958 -0.0402923 0.114237
2 0.054608 -0.0353948 0.11252 0.0483639 -0.0297376 0.110025
2 0.156813 0.130744 0.355895 0.158314 0.129905 0.353347
2 0.146753 0.134574 0.362925 0.151561 0.132876 0.36113
2 0.190745 0.108687 0.283223 0.184567 0.111979 0.292961
2 -0.150065 -0.0363952 0.0364579 -0.15417 -0.0424685 0.0321704
2 0.235965 0.0927748 0.247476 0.245531 0.0891244 0.243412
2 0.280615 0.0484222 0.222895 0.282023 0.0420767 0.220896
2 0.287808 0.0116232 0.215044 0.287669 0.0134263 0.215508
2 0.256082 -0.0737444 0.188492 0.260987 -0.0694486 0.189735
2 0.374148 -0.252483 0.132754 0.377985 -0.249505 0.127857
2 0.389639 -0.240282 0.112817 0.384995 -0.244098 0.119019
2 0.120858 -0.0830624 0.13392 0.130942 -0.0883032 0.136376
2 0.0912183 -0.064443 0.12609 0.0837112 -0.0583107 0.122871
2 -0.0230594 -0.1019 -0.230044 -0.022141 -0.101437 -0.222159
2 -0.0165736 -0.0902168 -0.277341 -0.0196603 -0.0947138 -0.26663
2 0.0483619 -0.0297242 -0.429544 0.05003 -0.0288415 -0.431719
2 0.0557419 -0.0261653 -0.441169 0.0573317 -0.0256418 -0.444676
2 0.190199 0.040461 -0.490678 0.198021 0.0450167 -0.489383
2 -0.0749824 -0.156745 -0.0906922 -0.0754273 -0.159525 -0.0935034
2 -0.0793522 -0.179831 -0.115395 -0.0831133 -0.182051 -0.125588
2 -0.0957812 -0.187342 -0.150942 -0.101226 -0.189174 -0.161163
2 -0.118344 -0.197661 -0.197275 -0.124761 -0.195648 -0.206778
2 -0.16221 -0.164632 -0.286943 -0.165525 -0.158664 -0.29125
2 -0.220695 -0.0259765 -0.322968 -0.222802 -0.0199782 -0.324394
2 -0.238444 0.0145273 -0.331674 -0.241066 0.0199149 -0.333688
2 -0.240322 -0.132142 -0.0310637 -0.243789 -0.132068 -0.0354328
2 -0.33105 -0.0756901 -0.0938167 -0.339455 -0.0689073 -0.0967362
2 -0.317459 -0.0862152 -0.0882067 -0.33105 -0.0756901 -0.0938167
2 -0.384341 -0.0234834 -0.11473 -0.378593 -0.0311553 -0.111379
2 -0.421757 0.195688 -0.0249446 -0.421559 0.200013 -0.01873
2 0.0388611 -0.115934 0.271993 0.0357516 -0.111783 0.265259
2 0.0466179 -0.120679 0.289789 0.0482404 -0.120827 0.294453
2 0.0774355 -0.117076 0.364829 0.0757139 -0.118843 0.360752
2 0.0413503 0.0153435 0.490856 0.0468585 0.00901612 0.489968
2 -0.191952 -0.215283 0.31134 -0.198865 -0.21858 0.313199
2 -0.185685 -0.209791 0.309644 -0.191952 -0.215283 0.31134
2 -0.198865 -0.21858 0.313199 -0.204135 -0.220643 0.314399
2 -0.272126 -0.222685 0.315258 -0.277339 -0.222059 0.312383
2 -0.311005 -0.216749 0.278858 -0.313861 -0.215974 0.274911
2 -0.318141 -0.202098 0.163365 -0.31562 -0.200903 0.154644
2 -0.318141 -0.202098 0.163365 -0.320269 -0.203288 0.172236
2 -0.332316 -0.136051 0.213793 -0.337967 -0.136002 0.21787
2 -0.360446 -0.133643 0.236581 -0.367043 -0.131694 0.243782
2 -0.401034 -0.12039 0.316474 -0.403279 -0.118445 0.332424
2 -0.397613 -0.111467 0.395686 -0.398719 -0.112016 0.391433
2 -0.376727 -0.100825 0.445404 -0.37313 -0.096342 0.451653
2 -0.303457 -0.0708921 0.484549 -0.295669 -0.0701593 0.486284
2 0.229837 -0.151126 -0.0748388 0.223628 -0.152898 -0.0705233
2 0.217395 -0.153858 -0.0656406 0.223628 -0.152898 -0.0705233
2 0.212079 -0.154855 -0.0613312 0.205557 -0.156938 -0.0561934
2 0.376994 -0.121011 -0.0393632 0.383307 -0.123101 -0.034782
2 -0.0498642 0.0551146 0.0599081 -0.0979757 0.0405287 0.0463187
2 -0.00536791 0.0614044 0.0660076 -0.00889573 0.0631983 0.0671649
2 -0.0524759 0.204297 -0.0838104 -0.0538241 0.203972 -0.0824667
2 -0.0596648 0.179542 -0.0551875 -0.059284 0.174233 -0.0500453
2 -0.0650821 0.203248 -0.0788271 -0.0752391 0.20637 -0.0882292
2 -0.0611875 0.148567 -0.02909 -0.061669 0.132565 -0.0155666
2 -0.0609724 0.125696 -0.00829453 -0.061669 0.132565 -0.0155666
2 -0.0272603 0.038513 0.0818128 -0.0498642 0.0551146 0.0599081
2 0.225865 0.0625471 -0.484947 0.224134 0.061443 -0.485458
2 -0.26673 0.111234 -0.394009 -0.266766 0.108709 -0.392243
2 -0.266755 0.106539 -0.390759 -0.266766 0.108709 -0.392243
2 -0.15766 -0.0444185 0.426708 -0.15472 -0.0436843 0.424534
2 0.075895 0.153299 0.365763 0.0794834 0.152347 0.36565
2 0.0826167 0.151551 0.365566 0.0794834 0.152347 0.36565
2 -0.0782881 -0.00397565 0.162672 -0.0795474 -0.0101105 0.169892
2 -0.0776038 -0.0215023 0.18392 -0.079758 -0.0172479 0.178338
2 -0.112393 0.0108128 0.0904854 -0.12009 0.00388143 0.101101
2 -0.136931 -0.00975518 0.111292 -0.145223 -0.0150017 0.113023
2 -0.12009 0.00388143 0.101101 -0.12944 -0.00428558 0.110519
2 -0.136931 -0.00975518 0.111292 -0.12944 -0.00428558 0.110519
2 -0.122133 -0.00962946 0.0515868 -0.128271 -0.0161496 0.0490213
2 -0.0223979 -0.00553438 0.014977 -0.0261579 -0.00124246 0.0227568
2 -0.0223979 -0.00553438 0.014977 -0.0214144 -0.0114405 0.00528499
2 0.0322621 -0.0124468 0.102433 0.0369364 -0.0192166 0.106172
2 -0.0859204 -0.0620408 0.206161 -0.0828084 -0.0548012 0.201643
2 -0.00373639 -0.0181112 0.176137 5.88246e-05 -0.0257946 0.18336
2 0.00183225 -0.0294452 0.186644 5.88246e-05 -0.0257946 0.18336
2 0.0766519 -0.0519235 0.119207 0.0704144 -0.0469521 0.116864
2 -0.145695 -0.0268701 0.0450273 -0.150065 -0.0363952 0.0364579
2 0.115647 0.14276 0.364693 0.12006 0.141668 0.364596
2 0.0935212 0.148519 0.365462 0.105461 0.145246 0.365198
2 0.153718 0.13208 0.359427 0.151561 0.132876 0.36113
2 0.169232 0.121493 0.325559 0.170339 0.120904 0.323052
2 0.165563 0.123974 0.335721 0.169232 0.121493 0.325559
2 0.215414 0.100514 0.260145 0.206721 0.103138 0.26689
2 -0.145695 -0.0268701 0.0450273 -0.15177 -0.0164644 0.0592591
2 0.198523 0.105774 0.274291 0.20283 0.10442 0.270334
2 0.181746 0.113267 0.297518 0.179372 0.114692 0.302196
2 0.215414 0.100514 0.260145 0.224211 0.0976987 0.254312
2 0.2644 0.0771469 0.234447 0.271135 0.0699853 0.231074
2 0.287105 0.0184649 0.216704 0.287669 0.0134263 0.215508
2 0.275937 -0.0519883 0.19601 0.278651 -0.04673 0.19793
2 0.211153 -0.0979745 0.169813 0.217435 -0.09534 0.173045
2 0.19931 -0.101242 0.162413 0.195178 -0.10226 0.160062
2 0.377985 -0.249505 0.127857 0.381749 -0.24595 0.122716
2 0.36328 -0.26256 0.148174 0.357536 -0.267783 0.155403
2 0.0766519 -0.0519235 0.119207 0.0837112 -0.0583107 0.122871
2 0.411306 -0.221093 0.0874165 0.41405 -0.219454 0.0832477
2 0.419284 -0.192681 0.0444487 0.418818 -0.189251 0.0399427
2 -0.166581 -0.0676183 0.0171382 -0.162395 -0.0626339 0.020008
2 0.412873 -0.170203 0.0169013 0.414578 -0.174799 0.0220584
2 -0.0102189 -0.00312816 0.155802 -0.018895 0.00673218 0.144411
2 0.116035 -0.118574 0.0265239 0.118842 -0.125831 0.0235069
2 0.110699 -0.078209 0.132739 0.104417 -0.0743213 0.131187
2 0.138033 -0.0918016 0.138348 0.130942 -0.0883032 0.136376
2 0.155433 -0.0993097 0.144053 0.163212 -0.102272 0.147014
2 0.0112015 -0.0565541 0.212687 0.00849684 -0.0494079 0.20669
2 -0.0220208 -0.0532924 -0.0543817 -0.0221443 -0.0514781 -0.0508787
2 -0.0234779 -0.0679404 -0.0798073 -0.0231648 -0.0630815 -0.0703574
2 -0.0777805 -0.103836 -0.0621995 -0.0775419 -0.111855 -0.0665872
2 -0.0771192 -0.118909 -0.070249 -0.0775419 -0.111855 -0.0665872
2 -0.182844 -0.0855256 0.00695059 -0.174686 -0.0767818 0.0118797
2 -0.0243653 -0.0962952 -0.155271 -0.0246594 -0.0982179 -0.163003
2 -0.0220531 -0.099615 -0.245395 -0.0245471 -0.102601 -0.237072
2 -0.0220531 -0.099615 -0.245395 -0.0212874 -0.0979834 -0.253519
2 0.00152402 -0.0629578 -0.339833 0.00438717 -0.0598029 -0.349089
2 0.0213248 -0.046801 -0.378213 0.0250837 -0.0440225 -0.387733
2 0.0332949 -0.0385726 -0.405311 0.037027 -0.0362335 -0.410932
2 0.05003 -0.0288415 -0.431719 0.0523512 -0.0277331 -0.435533
2 0.0557419 -0.0261653 -0.441169 0.0523512 -0.0277331 -0.435533
2 0.155772 0.0188656 -0.492627 0.161486 0.0227662 -0.492844
2 0.155772 0.0188656 -0.492627 0.14595 0.0133672 -0.492104
2 0.212403 0.0541366 -0.487829 0.208875 0.0519295 -0.488562
2 0.212403 0.0541366 -0.487829 0.217676 0.0573951 -0.486538
2 0.198021 0.0450167 -0.489383 0.208875 0.0519295 -0.488562
2 -0.0759615 -0.164859 -0.0988129 -0.0754273 -0.159525 -0.0935034
2 -0.110594 -0.193805 -0.179774 -0.107547 -0.192576 -0.173724
2 -0.113621 -0.194966 -0.186089 -0.110594 -0.193805 -0.179774
2 -0.102693 -0.190578 -0.164563 -0.104948 -0.191453 -0.168725
2 -0.118344 -0.197661 -0.197275 -0.115716 -0.197507 -0.192378
2 -0.136374 -0.193595 -0.237963 -0.132932 -0.194886 -0.228359
2 -0.155616 -0.174185 -0.278818 -0.157482 -0.17157 -0.281257
2 -0.179791 -0.1247 -0.30863 -0.182645 -0.11826 -0.31047
2 -0.171908 -0.144859 -0.299727 -0.17386 -0.139308 -0.302942
2 -0.198074 -0.0803301 -0.317739 -0.196667 -0.0849977 -0.316581
2 -0.196667 -0.0849977 -0.316581 -0.195152 -0.0883278 -0.316388
2 -0.198074 -0.0803301 -0.317739 -0.201781 -0.0717981 -0.318145
2 -0.195152 -0.0883278 -0.316388 -0.192926 -0.0955733 -0.31453
2 -0.233903 0.00488481 -0.329414 -0.229709 -0.00250444 -0.328361
2 -0.228181 -0.00711426 -0.326855 -0.225886 -0.013613 -0.325226
2 -0.238444 0.0145273 -0.331674 -0.233903 0.00488481 -0.329414
2 -0.251454 0.040943 -0.345203 -0.257893 0.0542674 -0.352925
2 -0.246748 0.0313714 -0.33892 -0.251454 0.040943 -0.345203
2 -0.246748 0.0313714 -0.33892 -0.24486 0.0269523 -0.336383
2 -0.265387 0.0852834 -0.37611 -0.2656 0.0879642 -0.378139
2 -0.221926 -0.126879 -0.0175175 -0.215044 -0.123271 -0.0150162
2 -0.203131 -0.113375 -0.00892209 -0.19952 -0.10861 -0.00612562
2 -0.203131 -0.113375 -0.00892209 -0.211271 -0.119184 -0.0125218
2 -0.232922 -0.133011 -0.0251522 -0.240322 -0.132142 -0.0310637
2 -0.223875 -0.152297 -0.0319366 -0.224228 -0.150247 -0.0311786
2 -0.264625 -0.121092 -0.0513096 -0.251549 -0.128645 -0.0416735
2 -0.272985 -0.115638 -0.0546765 -0.264625 -0.121092 -0.0513096
2 -0.348616 -0.06117 -0.100224 -0.351492 -0.0586846 -0.100685
2 -0.386501 -0.0199269 -0.116724 -0.384341 -0.0234834 -0.11473
2 -0.371325 -0.0398691 -0.106583 -0.378593 -0.0311553 -0.111379
2 -0.41836 0.214231 0.00270714 -0.417189 0.216574 0.00595528
2 0.0388611 -0.115934 0.271993 0.0434922 -0.119398 0.282362
2 0.0795289 -0.114559 0.369489 0.0821439 -0.11187 0.377837
2 0.0904084 -0.0757898 0.418804 0.0903576 -0.071237 0.423191
2 0.0850334 -0.106031 0.38436 0.0871199 -0.101736 0.388992
2 0.0902058 -0.0819105 0.412946 0.0899756 -0.0868502 0.405832
2 0.0902058 -0.0819105 0.412946 0.0904084 -0.0757898 0.418804
2 0.0774591 -0.0388399 0.455832 0.0822016 -0.0461533 0.448639
2 0.0555506 -0.00354822 0.48473 0.0619902 -0.0129957 0.477976
2 0.0305643 0.0266296 0.49077 0.0346251 0.0230968 0.491396
2 0.0305643 0.0266296 0.49077 0.0274862 0.0295011 0.490537
2 -0.00352369 0.0579257 0.481755 -0.00915421 0.0626575 0.47915
2 -0.00915421 0.0626575 0.47915 -0.0173076 0.0681437 0.474354
2 -0.0327924 0.0788146 0.462368 -0.0370011 0.0824808 0.460206
2 -0.0436744 0.0909417 0.455274 -0.0394479 0.0861198 0.456631
2 -0.044204 0.0974324 0.450624 -0.0477096 0.106853 0.445778
2 -0.046949 0.115034 0.441366 -0.0477096 0.106853 0.445778
2 -0.046949 0.115034 0.441366 -0.0505478 0.123235 0.437436
2 -0.0524666 0.1451 0.43298 -0.0529745 0.153264 0.433095
2 -0.0554266 0.177433 0.439169 -0.0575783 0.182611 0.442208
2 -0.0589769 0.188669 0.450761 -0.0586867 0.189363 0.453511
2 -0.05924 0.190554 0.461135 -0.0605258 0.19056 0.465945
2 -0.0608368 0.190221 0.469817 -0.0612335 0.189705 0.471909
2 -0.13668 -0.139841 0.276477 -0.139578 -0.146188 0.280389
2 -0.141333 -0.150067 0.282409 -0.139578 -0.146188 0.280389
2 -0.151651 -0.169246 0.294275 -0.156599 -0.17755 0.298424
2 -0.168797 -0.193648 0.30363 -0.170742 -0.195981 0.304249
2 -0.272126 -0.222685 0.315258 -0.26613 -0.22365 0.317266
2 -0.257671 -0.22512 0.318372 -0.26613 -0.22365 0.317266
2 -0.301172 -0.218682 0.293009 -0.296576 -0.219381 0.298401
2 -0.318492 -0.214444 0.265135 -0.313861 -0.215974 0.274911
2 -0.320628 -0.213607 0.256156 -0.321046 -0.213051 0.245948
2 -0.303292 -0.197045 0.126515 -0.306403 -0.197882 0.13221
2 -0.292545 -0.194291 0.109209 -0.283516 -0.192742 0.0983001
2 -0.233647 -0.185922 0.0735242 -0.226653 -0.184878 0.0730122
2 -0.223122 -0.184477 0.0733011 -0.216467 -0.184244 0.0753427
2 -0.189052 -0.179997 0.0865514 -0.178453 -0.178743 0.0951425
2 -0.16108 -0.17643 0.109922 -0.1666 -0.177386 0.105202
2 -0.16108 -0.17643 0.109922 -0.159688 -0.17599 0.111069
2 -0.251433 -0.10803 0.1672 -0.24348 -0.100264 0.162294
2 -0.392895 -0.125947 0.288493 -0.395937 -0.124265 0.29694
2 -0.391069 -0.126685 0.28429 -0.38596 -0.128091 0.273294
2 -0.404273 -0.115849 0.358698 -0.404086 -0.117401 0.353178
2 -0.362273 -0.09122 0.45984 -0.366047 -0.0929867 0.457097
2 -0.281169 -0.0682393 0.488699 -0.287686 -0.068891 0.488111
2 -0.303457 -0.0708921 0.484549 -0.312864 -0.0727705 0.482026
2 -0.261583 -0.0665177 0.489819 -0.25248 -0.0663623 0.487796
2 -0.23913 -0.0654247 0.484978 -0.243408 -0.0652718 0.486867
2 -0.233616 -0.0653199 0.482597 -0.223208 -0.0641787 0.477759
2 -0.223208 -0.0641787 0.477759 -0.216148 -0.063902 0.472547
2 -0.209472 -0.0627312 0.467948 -0.216148 -0.063902 0.472547
2 -0.189556 -0.0556646 0.451922 -0.183817 -0.0531008 0.447739
2 -0.172017 -0.0487063 0.437431 -0.163377 -0.0463075 0.430616
2 0.135454 -0.155235 0.00485326 0.137839 -0.159949 0.0016746
2 0.183642 -0.163829 -0.0379421 0.179812 -0.16458 -0.0351919
2 0.272115 -0.138544 -0.091049 0.266548 -0.140275 -0.0907344
2 0.363505 -0.119318 -0.0468985 0.357425 -0.119411 -0.0507607
2 0.349515 -0.120717 -0.0570896 0.357425 -0.119411 -0.0507607
2 0.339547 -0.122388 -0.0643325 0.345701 -0.121304 -0.0600963
2 0.376994 -0.121011 -0.0393632 0.368918 -0.118905 -0.0426403
2 0.383307 -0.123101 -0.034782 0.389096 -0.126833 -0.0290463
2 -0.0650821 0.203248 -0.0788271 -0.060608 0.210064 -0.0689626
2 0.153718 0.13208 0.359427 0.156813 0.130744 0.355895
2 0.170339 0.120904 0.323052 0.171376 0.119814 0.32015
2 0.229796 -0.0890111 0.178502 0.237408 -0.0846458 0.181046
2 -0.102693 -0.190578 -0.164563 -0.101226 -0.189174 -0.161163
2 -0.24486 0.0269523 -0.336383 -0.241066 0.0199149 -0.333688
2 -0.266623 -0.189772 0.0827848 -0.261337 -0.189057 0.079689
2 0.217395 -0.153858 -0.0656406 0.212079 -0.154855 -0.0613312
2 0.022984 0.000876968 0.0666185 0.0338312 -0.00653288 0.0621474
2 -0.171638 -0.0362222 0.122759 -0.164734 -0.0310294 0.11973
2 -0.171638 -0.0362222 0.122759 -0.180054 -0.0421789 0.126728
2 -0.0229695 -0.0439559 -0.0361528 -0.0240981 -0.0374636 -0.0232238
2 -0.0238382 -0.0327693 -0.0173564 -0.0240981 -0.0374636 -0.0232238
2 0.0747013 -0.0481758 0.049332 0.0781448 -0.0535295 0.0475674
2 -0.0813887 -0.0510866 0.199834 -0.0828084 -0.0548012 0.201643
2 0.280615 0.0484222 0.222895 0.2798 0.0537057 0.225413
2 0.284044 0.0340804 0.219709 0.282023 0.0420767 0.220896
2 0.282719 -0.0352452 0.201849 0.286359 -0.024297 0.206294
2 0.00183225 -0.0294452 0.186644 0.00389396 -0.0354091 0.192871
2 0.282719 -0.0352452 0.201849 0.280141 -0.0428372 0.199167
2 0.271278 -0.0586681 0.193596 0.275937 -0.0519883 0.19601
2 0.416235 -0.214104 0.0770019 0.418999 -0.207905 0.0666722
2 0.406548 -0.156552 0.00170059 0.409754 -0.163887 0.00914346
2 0.185535 0.0377522 -0.491135 0.172364 0.0295604 -0.49229
2 -0.0912018 -0.186618 -0.142647 -0.0957812 -0.187342 -0.150942
2 -0.113621 -0.194966 -0.186089 -0.115716 -0.197507 -0.192378
2 -0.178224 -0.128478 -0.307417 -0.176497 -0.132329 -0.306201
2 -0.339455 -0.0689073 -0.0967362 -0.343933 -0.0651436 -0.0986044
2 -0.412265 0.223623 0.0208998 -0.411012 0.225052 0.0249862
2 0.0466179 -0.120679 0.289789 0.0434922 -0.119398 0.282362
2 0.0722405 -0.0296871 0.464129 0.0751992 -0.0341144 0.459711
2 -0.323992 -0.206493 0.196281 -0.323731 -0.205953 0.192519
2 -0.32376 -0.211127 0.234067 -0.324576 -0.210187 0.226416
2 -0.309945 -0.198551 0.13811 -0.31562 -0.200903 0.154644
2 -0.271478 -0.190546 0.0862643 -0.274927 -0.191047 0.0890857
2 -0.283516 -0.192742 0.0983001 -0.280218 -0.191906 0.0942089
2 -0.403666 -0.114657 0.367287 -0.404273 -0.115849 0.358698
2 -0.354789 -0.0881904 0.464434 -0.347289 -0.0866762 0.466943
2 -0.354789 -0.0881904 0.464434 -0.362273 -0.09122 0.45984
2 0.229837 -0.151126 -0.0748388 0.238235 -0.150123 -0.0804662
2 -0.0473574 0.0389976 0.0851964 -0.0483784 0.0446209 0.0829237
2 -0.0498642 0.0551146 0.0599081 -0.0483784 0.0446209 0.0829237
2 0.190745 0.108687 0.283223 0.195709 0.106579 0.277257
2 0.287945 0.00812805 0.214054 0.287808 0.0116232 0.215044
2 0.222782 -0.0930809 0.175899 0.217435 -0.09534 0.173045
2 0.411306 -0.221093 0.0874165 0.405831 -0.226133 0.0930516
2 0.420081 -0.196872 0.0509912 0.419284 -0.192681 0.0444487
2 -0.0782736 -0.04084 -0.0126032 -0.0784379 -0.037236 -0.00892222
2 0.417649 -0.185253 0.0345886 0.418818 -0.189251 0.0399427
2 0.400621 -0.143917 -0.0105631 0.397992 -0.139016 -0.0151941
2 0.406548 -0.156552 0.00170059 0.404178 -0.151789 -0.00329255
2 -0.406801 0.114432 -0.0992197 -0.408506 0.1218 -0.094135
2 0.00765307 -0.0470119 0.204478 0.00491953 -0.0393858 0.197528
2 -0.0792201 -0.0607639 -0.0326466 -0.0787827 -0.0702882 -0.0404032
2 0.181746 0.113267 0.297518 0.184567 0.111979 0.292961
2 0.285581 0.0275234 0.218732 0.287105 0.0184649 0.216704
2 0.36328 -0.26256 0.148174 0.370235 -0.256268 0.138936
2 0.374148 -0.252483 0.132754 0.370235 -0.256268 0.138936
2 0.351288 -0.27436 0.162778 0.347992 -0.278675 0.166159
2 0.395703 -0.134842 -0.0191278 0.397992 -0.139016 -0.0151941
2 -0.228775 -0.0820792 0.15363 -0.223766 -0.0770854 0.150528
2 -0.122846 -0.117892 0.253017 -0.127578 -0.124257 0.260251
2 -0.0132267 -0.0850676 -0.288791 -0.0108276 -0.0821618 -0.293533
2 0.0678381 -0.0209639 -0.452307 0.0745458 -0.018631 -0.459114
2 0.166588 0.0260129 -0.492495 0.172364 0.0295604 -0.49229
2 0.136965 0.00848009 -0.491413 0.14595 0.0133672 -0.492104
2 -0.136374 -0.193595 -0.237963 -0.140738 -0.190972 -0.247001
2 -0.131532 -0.194924 -0.223399 -0.132932 -0.194886 -0.228359
2 -0.201781 -0.0717981 -0.318145 -0.20465 -0.0649727 -0.31839
2 -0.191356 -0.0992573 -0.313978 -0.192926 -0.0955733 -0.31453
2 -0.264123 0.0758829 -0.369138 -0.265387 0.0852834 -0.37611
2 -0.409806 0.12873 -0.0898344 -0.408506 0.1218 -0.094135
2 -0.415285 0.219536 0.0132241 -0.417189 0.216574 0.00595528
2 -0.411012 0.225052 0.0249862 -0.408327 0.228828 0.0310464
2 0.0273851 -0.0973491 0.248329 0.0236546 -0.0890603 0.240564
2 0.0525971 0.0015548 0.486961 0.0493398 0.00593492 0.488793
2 -0.0516816 0.138549 0.433269 -0.0502772 0.130437 0.43482
2 -0.0554266 0.177433 0.439169 -0.0559871 0.168763 0.435838
2 -0.170742 -0.195981 0.304249 -0.175638 -0.201145 0.305721
2 -0.324542 -0.209457 0.218615 -0.324576 -0.210187 0.226416
2 -0.324481 -0.208746 0.212445 -0.324261 -0.206894 0.199396
2 -0.266623 -0.189772 0.0827848 -0.271478 -0.190546 0.0862643
2 -0.381769 -0.103656 0.437557 -0.376727 -0.100825 0.445404
2 -0.330146 -0.0781479 0.475801 -0.320425 -0.0744893 0.479731
2 -0.189556 -0.0556646 0.451922 -0.195966 -0.0572303 0.458349
2 0.199846 -0.15878 -0.049455 0.190775 -0.162137 -0.0437925
2 0.296486 -0.132271 -0.0874739 0.291296 -0.133457 -0.0875755
2 0.329851 -0.124428 -0.0701041 0.339547 -0.122388 -0.0643325
2 -0.0782881 -0.00397565 0.162672 -0.0743847 0.00467167 0.152635
2 0.198523 0.105774 0.274291 0.195709 0.106579 0.277257
2 0.343462 -0.284944 0.170711 0.347992 -0.278675 0.166159
2 0.115647 0.14276 0.364693 0.105461 0.145246 0.365198
2 0.363505 -0.119318 -0.0468985 0.368918 -0.118905 -0.0426403
2 0.416288 -0.179704 0.0278805 0.414578 -0.174799 0.0220584
2 0.384995 -0.244098 0.119019 0.381749 -0.24595 0.122716
2 -0.0787391 -0.0930801 -0.0567962 -0.078364 -0.0799809 -0.0481129
2 0.0636535 -0.0229405 -0.450188 0.0678381 -0.0209639 -0.452307
2 -0.406882 0.0510715 -0.120361 -0.406256 0.0621776 -0.119119
2 -0.235931 -0.226534 0.318869 -0.233817 -0.226519 0.318489
2 -0.0230594 -0.1019 -0.230044 -0.0245471 -0.102601 -0.237072
2 0.0173283 -0.0497517 -0.370194 0.0119838 -0.0535811 -0.362143
2 0.166588 0.0260129 -0.492495 0.161486 0.0227662 -0.492844
2 -0.222802 -0.0199782 -0.324394 -0.225886 -0.013613 -0.325226
2 -0.228181 -0.00711426 -0.326855 -0.229709 -0.00250444 -0.328361
2 -0.421668 0.187877 -0.0348941 -0.421408 0.181281 -0.0416667
2 0.063412 -0.124915 0.331279 0.0657275 -0.12353 0.336048
2 -0.391069 -0.126685 0.28429 -0.392895 -0.125947 0.288493
2 -0.23913 -0.0654247 0.484978 -0.233616 -0.0653199 0.482597
2 0.284248 -0.135563 -0.0896761 0.291296 -0.133457 -0.0875755
2 -0.0136133 0.027168 0.084449 -0.0272603 0.038513 0.0818128
2 0.206721 0.103138 0.26689 0.20283 0.10442 0.270334
2 0.316433 -0.127343 -0.0760685 0.306058 -0.130091 -0.0826083
2 0.412873 -0.170203 0.0169013 0.409754 -0.163887 0.00914346
2 -0.41949 0.170757 -0.0533097 -0.420738 0.177954 -0.0458009
2 0.0695109 -0.0252537 0.4683 0.0666014 -0.0201687 0.472262
2 -0.197237 -0.181249 0.0814924 -0.189052 -0.179997 0.0865514
2 -0.024839 -0.0803911 -0.106418 -0.0246101 -0.0818065 -0.110971
2 0.0774591 -0.0388399 0.455832 0.0751992 -0.0341144 0.459711
2 -0.402776 -0.113798 0.37383 -0.40054 -0.11285 0.384165
2 0.171376 0.119814 0.32015 0.173424 0.118089 0.314695
2 0.118842 -0.125831 0.0235069 0.124423 -0.137257 0.0173858
2 -0.317726 -0.0737871 0.480621 -0.320425 -0.0744893 0.479731
2 0.394142 -0.236678 0.10724 0.389639 -0.240282 0.112817
2 -0.216563 -0.0351894 -0.321886 -0.212858 -0.0448172 -0.32048
2 -0.210201 -0.0516746 -0.319622 -0.212858 -0.0448172 -0.32048
2 -0.20465 -0.0649727 -0.31839 -0.207137 -0.0584703 -0.319319
2 -0.323992 -0.206493 0.196281 -0.324261 -0.206894 0.199396
2 -0.264123 0.0758829 -0.369138 -0.261313 0.064906 -0.360938
2 0.2798 0.0537057 0.225413 0.277312 0.0621655 0.229084
2 -0.022013 -0.0545856 -0.0567985 -0.0231648 -0.0630815 -0.0703574
2 -0.327901 -0.135569 0.21065 -0.317978 -0.134405 0.204452
2 0.402582 -0.147274 -0.00708703 0.404178 -0.151789 -0.00329255
2 0.110107 -0.00511522 -0.483443 0.100654 -0.00884937 -0.478921
2 0.0191394 0.0375328 0.489174 0.024168 0.0328196 0.489965
2 -0.290353 -0.220242 0.304305 -0.296576 -0.219381 0.298401
2 0.419916 -0.202268 0.0589037 0.420081 -0.196872 0.0509912
2 0.0602919 -0.02441 -0.447747 0.0573317 -0.0256418 -0.444676
2 -0.366047 -0.0929867 0.457097 -0.37313 -0.096342 0.451653
2 0.138033 -0.0918016 0.138348 0.146121 -0.0950737 0.140698
2 -0.324481 -0.208746 0.212445 -0.324542 -0.209457 0.218615
2 -0.3793 -0.129039 0.261152 -0.373545 -0.130069 0.252115
2 0.199846 -0.15878 -0.049455 0.201198 -0.158375 -0.0514193
2 0.296486 -0.132271 -0.0874739 0.299804 -0.131479 -0.0853894
2 0.286359 -0.024297 0.206294 0.28719 -0.01661 0.207919
2 -0.216563 -0.0351894 -0.321886 -0.219499 -0.0287016 -0.322581
2 -0.219499 -0.0287016 -0.322581 -0.220695 -0.0259765 -0.322968
2 -0.191356 -0.0992573 -0.313978 -0.189187 -0.103939 -0.313276
2 -0.32189 -0.20447 0.180951 -0.323731 -0.205953 0.192519
2 0.306058 -0.130091 -0.0826083 0.299804 -0.131479 -0.0853894
2 0.224211 0.0976987 0.254312 0.229881 0.0949675 0.250595
2 0.0274862 0.0295011 0.490537 0.024168 0.0328196 0.489965
2 0.110699 -0.078209 0.132739 0.120858 -0.0830624 0.13392
2 -0.184924 -0.113661 -0.311193 -0.182645 -0.11826 -0.31047
2 -0.367043 -0.131694 0.243782 -0.373545 -0.130069 0.252115
2 0.205557 -0.156938 -0.0561934 0.201198 -0.158375 -0.0514193
2 0.00761454 -0.0568803 -0.355724 0.00438717 -0.0598029 -0.349089
2 -0.0784379 -0.037236 -0.00892222 -0.0789558 -0.0344091 -0.00636186
2 -0.0234779 -0.0679404 -0.0798073 -0.0240405 -0.0734862 -0.0911042
2 -0.250396 -0.225834 0.319725 -0.245119 -0.225883 0.320533
2 -0.320628 -0.213607 0.256156 -0.318492 -0.214444 0.265135
2 -0.311953 -0.132923 0.200782 -0.317978 -0.134405 0.204452
2 -0.339919 -0.0829706 0.470888 -0.347289 -0.0866762 0.466943
2 0.174102 -0.165346 -0.030061 0.169554 -0.165298 -0.0242013
2 0.183642 -0.163829 -0.0379421 0.190775 -0.162137 -0.0437925
2 0.245541 -0.149399 -0.084556 0.25142 -0.146214 -0.0870457
2 0.392239 -0.130424 -0.0241468 0.389096 -0.126833 -0.0290463
2 -0.0234031 -0.0271341 -0.0112923 -0.0238382 -0.0327693 -0.0173564
2 0.277312 0.0621655 0.229084 0.271135 0.0699853 0.231074
2 -0.0241254 -0.0885362 -0.131433 -0.0244105 -0.0915679 -0.139389
2 -0.0244011 -0.0934893 -0.145325 -0.0244105 -0.0915679 -0.139389
2 -0.107547 -0.192576 -0.173724 -0.104948 -0.191453 -0.168725
2 -0.280244 -0.111141 -0.0603282 -0.289928 -0.105035 -0.0678827
2 0.0847163 -0.0505962 0.443077 0.0841964 -0.0496978 0.444178
2 0.0555506 -0.00354822 0.48473 0.0525971 0.0015548 0.486961
2 -0.303579 -0.218276 0.289765 -0.301172 -0.218682 0.293009
2 -0.306403 -0.197882 0.13221 -0.309945 -0.198551 0.13811
2 -0.270176 -0.121424 0.178793 -0.260747 -0.116534 0.172971
2 0.0445637 -0.0142882 0.0574459 0.0363211 -0.00826883 0.0596718
2 0.0376921 0.0191967 0.490945 0.0413503 0.0153435 0.490856
2 -0.292545 -0.194291 0.109209 -0.298727 -0.195742 0.118484
2 0.169554 -0.165298 -0.0242013 0.163302 -0.164414 -0.0173704
2 -0.207137 -0.0584703 -0.319319 -0.210201 -0.0516746 -0.319622
2 -0.124761 -0.195648 -0.206778 -0.129359 -0.195575 -0.218792
2 0.0413573 -0.0335663 -0.418124 0.0446956 -0.0317142 -0.424994
2 0.260231 0.0805484 0.236303 0.254737 0.0847824 0.239149
2 0.0482404 -0.120827 0.294453 0.0502877 -0.120466 0.301125
2 -0.186718 -0.10946 -0.312193 -0.189187 -0.103939 -0.313276
2 -0.307514 -0.217518 0.284356 -0.309114 -0.217153 0.281984
2 0.0695109 -0.0252537 0.4683 0.0722405 -0.0296871 0.464129
2 -0.168658 -0.153539 -0.2939 -0.171908 -0.144859 -0.299727
2 -0.401034 -0.12039 0.316474 -0.3998 -0.121531 0.310389
2 0.174102 -0.165346 -0.030061 0.179812 -0.16458 -0.0351919
2 0.278651 -0.04673 0.19793 0.280141 -0.0428372 0.199167
2 -0.00483746 -0.0717266 -0.318694 -0.000482734 -0.0657623 -0.33114
2 0.100654 -0.00884937 -0.478921 0.0913755 -0.0124456 -0.473404
2 -0.416427 0.163166 -0.0636371 -0.415558 0.158656 -0.0675452
2 0.0841964 -0.0496978 0.444178 0.0822016 -0.0461533 0.448639
2 0.240944 -0.149801 -0.0820457 0.238235 -0.150123 -0.0804662
2 0.089413 -0.0923462 0.400788 0.0899756 -0.0868502 0.405832
2 0.287575 -0.00334941 0.210509 0.287945 0.00812805 0.214054
2 -0.279118 -0.123552 0.18381 -0.288693 -0.125977 0.188636
2 -0.311005 -0.216749 0.278858 -0.309114 -0.217153 0.281984
2 -0.146184 -0.186987 -0.256448 -0.140738 -0.190972 -0.247001
2 0.0913755 -0.0124456 -0.473404 0.0876069 -0.0138523 -0.470797
2 -0.0756946 -0.137268 -0.0794418 -0.0755078 -0.144316 -0.0835297
2 0.260987 -0.0694486 0.189735 0.266265 -0.064727 0.19189
2 0.0520202 -0.121589 0.305013 0.0502877 -0.120466 0.301125
2 -0.282978 -0.221349 0.309236 -0.277339 -0.222059 0.312383
2 0.0903576 -0.071237 0.423191 0.0897503 -0.0647666 0.428478
2 -0.0596648 0.179542 -0.0551875 -0.0598273 0.188777 -0.0646003
2 0.287575 -0.00334941 0.210509 0.28719 -0.01661 0.207919
2 -0.0108276 -0.0821618 -0.293533 -0.00824545 -0.0781363 -0.302527
2 0.056772 -0.124173 0.316116 0.054733 -0.12273 0.31157
2 -0.403279 -0.118445 0.332424 -0.404056 -0.117744 0.34249
2 -0.388375 -0.106891 0.424026 -0.39208 -0.108106 0.41485
2 0.245541 -0.149399 -0.084556 0.240944 -0.149801 -0.0820457
2 -0.0795469 -0.0236074 0.00489828 -0.0806058 -0.0186851 0.00963172
2 -0.413803 0.150779 -0.0742542 -0.415558 0.158656 -0.0675452
2 -0.0752391 0.20637 -0.0882292 -0.0773406 0.206136 -0.090991
2 0.0741453 -0.119911 0.35669 0.0724011 -0.120385 0.352091
2 -0.235931 -0.226534 0.318869 -0.245119 -0.225883 0.320533
2 0.0692932 -0.121658 0.34446 0.0717745 -0.120683 0.350589
2 0.0717745 -0.120683 0.350589 0.0724011 -0.120385 0.352091
2 0.272115 -0.138544 -0.091049 0.279124 -0.136471 -0.0910046
2 -0.0235875 -0.101273 -0.190784 -0.0247707 -0.100747 -0.176819
2 -0.020997 -0.097226 -0.257315 -0.0212874 -0.0979834 -0.253519
2 0.0520202 -0.121589 0.305013 0.054733 -0.12273 0.31157
2 0.163302 -0.164414 -0.0173704 0.153616 -0.164482 -0.0112232
2 0.0112015 -0.0565541 0.212687 0.0137422 -0.063531 0.218712
2 -0.0777805 -0.103836 -0.0621995 -0.0787391 -0.0930801 -0.0567962
2 -0.0223278 -0.101084 -0.202742 -0.022057 -0.101344 -0.216141
2 -0.0831133 -0.182051 -0.125588 -0.0851382 -0.183893 -0.130483
2 0.0774355 -0.117076 0.364829 0.0795289 -0.114559 0.369489
2 -0.394498 -0.109733 0.406613 -0.39208 -0.108106 0.41485
2 0.034535 -0.109883 0.262698 0.0357516 -0.111783 0.265259
2 -0.3793 -0.129039 0.261152 -0.38596 -0.128091 0.273294
2 -0.398719 -0.112016 0.391433 -0.40054 -0.11285 0.384165
2 0.063412 -0.124915 0.331279 0.0603401 -0.124514 0.324707
2 0.176049 -0.104764 0.151046 0.163212 -0.102272 0.147014
2 -0.0669869 0.215697 -0.0648875 -0.060608 0.210064 -0.0689626
2 -0.020997 -0.097226 -0.257315 -0.0196603 -0.0947138 -0.26663
2 -0.409806 0.12873 -0.0898344 -0.412282 0.136767 -0.0830749
2 0.056772 -0.124173 0.316116 0.0603401 -0.124514 0.324707
2 -0.303498 -0.130481 0.19596 -0.30811 -0.131966 0.198554
2 -0.337967 -0.136002 0.21787 -0.344938 -0.136025 0.223494
2 -0.354452 -0.135223 0.231008 -0.344938 -0.136025 0.223494
2 -0.40641 0.107647 -0.102278 -0.406533 0.109603 -0.101377
2 0.0312667 -0.104445 0.255785 0.0273851 -0.0973491 0.248329
2 -0.3998 -0.121531 0.310389 -0.398498 -0.122724 0.30593
2 -0.049541 0.103079 0.0229306 -0.0415371 0.0929931 0.0345789
2 -0.131013 -0.129346 0.265716 -0.127578 -0.124257 0.260251
2 -0.311953 -0.132923 0.200782 -0.30811 -0.131966 0.198554
2 -0.395937 -0.124265 0.29694 -0.398498 -0.122724 0.30593
2 -0.00483746 -0.0717266 -0.318694 -0.00749774 -0.0754576 -0.311298
2 -0.022057 -0.101344 -0.216141 -0.022141 -0.101437 -0.222159
2 0.126934 -0.142125 0.014307 0.13324 -0.150497 0.00800354
2 -0.406801 0.114432 -0.0992197 -0.406533 0.109603 -0.101377
2 -0.0214144 -0.0114405 0.00528499 -0.0213892 -0.016128 -0.0012512
2 0.0312667 -0.104445 0.255785 0.0328639 -0.107292 0.258812
2 -0.360446 -0.133643 0.236581 -0.354452 -0.135223 0.231008
2 -0.0503823 0.0191571 0.11164 -0.0504621 0.0167347 0.109682
2 -0.0635472 0.104236 0.0209706 -0.0637253 0.100558 0.0245707
2 -0.412737 0.144061 -0.079228 -0.413803 0.150779 -0.0742542
2 -0.0607539 0.161838 -0.041002 -0.059284 0.174233 -0.0500453
2 0.0900042 -0.0718081 0.0423815 0.0828738 -0.0609554 0.0458214
2 0.107367 -0.102986 0.0322245 0.112988 -0.111572 0.029244
2 -0.406256 0.0621776 -0.119119 -0.405823 0.0753093 -0.115376
2 -0.215188 -0.22416 0.315771 -0.209264 -0.222557 0.314954
2 0.182597 -0.10422 0.153523 0.18989 -0.103147 0.157002
2 0.25103 -0.0782681 0.187479 0.245019 -0.0813615 0.184805
2 -0.405732 0.0804814 -0.11354 -0.405929 0.0861879 -0.111022
2 -0.204135 -0.220643 0.314399 -0.209264 -0.222557 0.314954
2 0.241834 -0.0832204 0.183646 0.245019 -0.0813615 0.184805
2 0.229796 -0.0890111 0.178502 0.222782 -0.0930809 0.175899
2 0.0328639 -0.107292 0.258812 0.034535 -0.109883 0.262698
2 -0.122846 -0.117892 0.253017 -0.120035 -0.114345 0.24961
2 -0.111725 -0.104726 0.241999 -0.120035 -0.114345 0.24961
2 -0.160244 -0.0567744 0.0232096 -0.162395 -0.0626339 0.020008
2 0.203578 -0.0999776 0.164879 0.19931 -0.101242 0.162413
2 -0.148228 -0.163274 0.291285 -0.144222 -0.155894 0.286065
2 -0.156599 -0.17755 0.298424 -0.163633 -0.187721 0.301034
2 -0.270176 -0.121424 0.178793 -0.279118 -0.123552 0.18381
2 -0.00824545 -0.0781363 -0.302527 -0.00749774 -0.0754576 -0.311298
2 -0.0245887 -0.0769765 -0.0982281 -0.0240405 -0.0734862 -0.0911042
2 -0.144222 -0.155894 0.286065 -0.141333 -0.150067 0.282409
2 -0.180764 -0.20567 0.307956 -0.175638 -0.201145 0.305721
2 0.18989 -0.103147 0.157002 0.195178 -0.10226 0.160062
2 -0.407397 0.0435789 -0.12018 -0.406608 0.0376126 -0.121293
2 -0.180764 -0.20567 0.307956 -0.185685 -0.209791 0.309644
2 -0.0223278 -0.101084 -0.202742 -0.0235875 -0.101273 -0.190784
2 -0.024839 -0.0803911 -0.106418 -0.0245887 -0.0769765 -0.0982281
2 -0.0792201 -0.0607639 -0.0326466 -0.0783243 -0.0492286 -0.0209232
2 -0.404107 0.0216071 -0.12212 -0.403074 0.0161583 -0.121342
2 -0.288693 -0.125977 0.188636 -0.297909 -0.128637 0.193019
2 0.0613958 -0.0402923 0.114237 0.0704144 -0.0469521 0.116864
2 0.116035 -0.118574 0.0265239 0.112988 -0.111572 0.029244
2 -0.0272059 0.0748939 0.0373751 -0.0415371 0.0929931 0.0345789
2 -0.0241254 -0.0885362 -0.131433 -0.0238162 -0.0843291 -0.120508
2 -0.0250776 -0.0999889 -0.170064 -0.0246594 -0.0982179 -0.163003
2 0.0781448 -0.0535295 0.0475674 0.0828738 -0.0609554 0.0458214
2 -0.0229695 -0.0439559 -0.0361528 -0.0226193 -0.0462924 -0.0408085
2 0.0198308 -0.0795005 0.231707 0.01661 -0.0712281 0.225138
2 -0.208721 -0.064595 0.141778 -0.204968 -0.060422 0.139838
2 -0.407397 0.0435789 -0.12018 -0.406882 0.0510715 -0.120361
2 0.104268 -0.0963799 0.0345062 0.107367 -0.102986 0.0322245
2 0.0990124 -0.0866161 0.0376362 0.104268 -0.0963799 0.0345062
2 -0.294458 -0.102157 -0.0714656 -0.289928 -0.105035 -0.0678827
2 -0.404694 0.0248336 -0.122285 -0.404107 0.0216071 -0.12212
2 -0.404694 0.0248336 -0.122285 -0.405454 0.0293554 -0.122043
2 -0.0162687 0.0658452 0.0707506 -0.00889573 0.0631983 0.0671649
2 -0.0564902 0.211244 -0.0630441 -0.0585057 0.209394 -0.0662728
2 0.0900042 -0.0718081 0.0423815 0.0945033 -0.0789717 0.040105
2 -0.0250776 -0.0999889 -0.170064 -0.0247707 -0.100747 -0.176819
2 -0.0234031 -0.0271341 -0.0112923 -0.0237095 -0.0235929 -0.00673097
2 0.0137422 -0.063531 0.218712 0.01661 -0.0712281 0.225138
2 -0.0986858 -0.0851992 0.223226 -0.104664 -0.0944441 0.231524
2 -0.0845923 -0.0134096 0.0126193 -0.0790023 -0.0107257 0.019377
2 -0.351492 -0.0586846 -0.100685 -0.357617 -0.0533548 -0.100268
2 -0.239851 -0.0967608 0.160032 -0.236423 -0.0914912 0.158148
2 -0.213017 -0.0692098 0.144052 -0.223766 -0.0770854 0.150528
2 -0.208721 -0.064595 0.141778 -0.213017 -0.0692098 0.144052
2 0.0990124 -0.0866161 0.0376362 0.0945033 -0.0789717 0.040105
2 -0.0791254 -0.044793 0.197087 -0.0813887 -0.0510866 0.199834
2 -0.239851 -0.0967608 0.160032 -0.24348 -0.100264 0.162294
2 -0.0598273 0.188777 -0.0646003 -0.0602889 0.19402 -0.0695853
2 -0.0650821 0.203248 -0.0788271 -0.0602889 0.19402 -0.0695853
2 -0.243789 -0.132068 -0.0354328 -0.251549 -0.128645 -0.0416735
2 -0.0213892 -0.016128 -0.0012512 -0.0237095 -0.0235929 -0.00673097
2 0.00491953 -0.0393858 0.197528 0.00434747 -0.0368968 0.194498
2 0.0673744 -0.0347778 0.05418 0.0606647 -0.0275001 0.0558891
2 0.0199996 0.000129729 0.0957532 0.0226742 -0.00233601 0.0969407
2 -0.0859204 -0.0620408 0.206161 -0.0905395 -0.0705728 0.211599
2 -0.0979757 0.0405287 0.0463187 -0.0990052 0.0404002 0.0457209
2 -0.0611875 0.148567 -0.02909 -0.0607539 0.161838 -0.041002
2 0.00849684 -0.0494079 0.20669 0.00765307 -0.0470119 0.204478
2 0.0338312 -0.00653288 0.0621474 0.0363211 -0.00826883 0.0596718
2 0.0369364 -0.0192166 0.106172 0.0426659 -0.0253761 0.108894
2 -0.386501 -0.0199269 -0.116724 -0.390737 -0.0129043 -0.11794
2 -0.189231 -0.0484009 0.131477 -0.180054 -0.0421789 0.126728
2 -0.154825 -0.048179 0.0284238 -0.160244 -0.0567744 0.0232096
2 -0.0792948 -0.0283532 -0.000183394 -0.0795469 -0.0236074 0.00489828
2 -0.0609944 0.0978089 0.0260167 -0.06177 0.101509 0.0219727
2 -0.00555681 -0.0123947 0.168 -0.0102189 -0.00312816 0.155802
2 -0.0261579 -0.00124246 0.0227568 -0.0280312 3.22684e-05 0.0250056
2 -0.189919 -0.0937806 0.00229579 -0.182844 -0.0855256 0.00695059
2 -0.15417 -0.0424685 0.0321704 -0.154825 -0.048179 0.0284238
2 -0.348616 -0.06117 -0.100224 -0.343933 -0.0651436 -0.0986044
2 -0.277432 -0.112914 -0.0584051 -0.280244 -0.111141 -0.0603282
2 -0.0503823 0.0191571 0.11164 -0.0532883 0.0251295 0.122058
2 -0.303618 -0.0960527 -0.0791617 -0.298319 -0.0996364 -0.0742857
2 -0.303618 -0.0960527 -0.0791617 -0.308469 -0.0927179 -0.0831334
2 -0.166581 -0.0676183 0.0171382 -0.174686 -0.0767818 0.0118797
2 -0.189919 -0.0937806 0.00229579 -0.19952 -0.10861 -0.00612562
2 -0.232922 -0.133011 -0.0251522 -0.226877 -0.144526 -0.0301427
2 -0.0665398 0.0155649 0.138075 -0.0720137 0.00993378 0.145846
2 -0.100971 0.0137784 0.062786 -0.081749 0.0306205 0.0649703
2 -0.0569427 0.00845391 0.039744 -0.072102 -0.00252656 0.031065
2 -0.0431762 0.019465 0.129584 -0.0282082 0.0141961 0.135647
2 -0.0620466 0.0917512 0.0327264 -0.0637253 0.100558 0.0245707
2 -0.0620466 0.0917512 0.0327264 -0.0609944 0.0978089 0.0260167
2 -0.0620466 0.0917512 0.0327264 -0.0498642 0.0551146 0.0599081
2 -0.0431762 0.019465 0.129584 -0.0532883 0.0251295 0.122058
2 -0.0498642 0.0551146 0.0599081 -0.0524448 0.020788 0.0500142
2 -0.0498642 0.0551146 0.0599081 -0.0497451 0.0369597 0.106016
2 -0.0532883 0.0251295 0.122058 -0.0497451 0.0369597 0.106016
